4294967294,0
4294967293,131
4294967293,130
4294967293,129
4294967293,128
4294967293,127
4294967293,126
4294967293,125
4294967293,124
4294967293,123
4294967293,122
4294967293,121
4294967293,120
4294967293,119
4294967293,118
4294967293,117
4294967293,116
4294967293,115
4294967293,114
4294967293,113
4294967293,112
4294967293,111
4294967293,110
4294967293,109
4294967293,108
4294967293,107
4294967293,106
4294967293,105
4294967293,104
4294967293,103
4294967293,102
4294967293,101
4294967293,100
4294967293,99
4294967293,98
4294967293,97
4294967293,96
4294967293,95
4294967293,94
4294967293,93
4294967293,92
4294967293,91
4294967293,90
4294967293,89
4294967293,87
4294967293,86
4294967293,85
4294967293,84
4294967293,83
4294967293,82
4294967293,81
4294967293,80
4294967293,79
4294967293,78
4294967293,77
4294967293,76
4294967293,75
4294967293,74
4294967293,73
4294967293,72
4294967293,71
4294967293,70
4294967293,69
4294967293,68
4294967293,67
4294967293,66
4294967293,65
4294967293,64
4294967293,63
4294967293,62
4294967293,61
4294967293,60
4294967293,59
4294967293,58
4294967293,57
4294967293,56
4294967293,55
4294967293,54
4294967293,53
4294967293,52
4294967293,51
4294967293,50
4294967293,49
4294967293,48
4294967293,47
4294967293,46
4294967293,45
4294967293,44
4294967293,43
4294967293,42
4294967293,41
4294967293,40
4294967293,39
4294967293,38
4294967293,37
4294967293,36
4294967293,35
4294967293,34
4294967293,33
4294967293,32
4294967293,31
4294967293,30
4294967293,29
4294967293,28
4294967293,27
4294967293,26
4294967293,25
4294967293,24
4294967293,23
4294967293,22
4294967293,21
4294967293,20
4294967293,19
4294967293,18
4294967293,17
4294967293,16
4294967293,15
4294967293,14
4294967293,13
4294967293,12
4294967293,11
4294967293,10
4294967293,9
4294967293,8
4294967293,7
4294967293,6
4294967293,5
4294967293,4
4294967293,3
4294967278,127
4294967278,122
4294967278,119
4294967278,118
4294967278,113
4294967278,112
4294967278,111
4294967278,228
4294967278,110
4294967278,99
4294967278,98
4294967278,382
4294967278,97
4294967278,96
4294967278,94
4294967278,391
4294967278,93
4294967278,92
4294967278,360
4294967278,91
4294967278,90
4294967278,89
4294967278,87
4294967278,400
4294967278,86
4294967278,85
4294967278,84
4294967278,81
4294967278,399
4294967278,80
4294967278,78
4294967278,76
4294967278,72
4294967278,71
4294967278,70
4294967278,0
4294967278,388
4294967278,68
4294967278,65
4294967278,64
4294967278,387
4294967278,62
4294967278,61
4294967278,372
4294967278,58
4294967278,57
4294967278,56
4294967278,54
4294967278,398
4294967278,53
4294967278,371
4294967278,52
4294967278,51
4294967278,308
4294967278,50
4294967278,49
4294967278,48
4294967278,397
4294967278,47
4294967278,297
4294967278,46
4294967278,296
4294967278,45
4294967278,295
4294967278,44
4294967278,386
4294967278,43
4294967278,42
4294967278,41
4294967278,40
4294967278,293
4294967278,39
4294967278,292
4294967278,38
4294967278,291
4294967278,37
4294967278,36
4294967278,35
4294967278,34
4294967278,396
4294967278,33
4294967278,369
4294967278,32
4294967278,31
4294967278,289
4294967278,30
4294967278,29
4294967278,349
4294967278,28
4294967278,288
4294967278,27
4294967278,395
4294967278,368
4294967278,26
4294967278,137
4294967278,25
4294967278,274
4294967278,24
4294967278,385
4294967278,23
4294967278,22
4294967278,21
4294967278,20
4294967278,19
4294967278,18
4294967278,17
4294967278,9
4294967278,8
4294967278,7
4294967278,348
4294967279,132
4294967279,131
4294967279,257
4294967279,130
4294967279,129
4294967279,128
4294967279,127
4294967279,126
4294967279,125
4294967279,253
4294967279,124
4294967279,123
4294967279,122
4294967279,120
4294967279,119
4294967279,118
4294967279,117
4294967279,116
4294967279,114
4294967279,113
4294967279,112
4294967279,111
4294967279,110
4294967279,221
4294967279,106
4294967279,219
4294967279,105
4294967279,104
4294967279,103
4294967279,338
4294967279,325
4294967279,559
4294967279,100
4294967279,99
4294967279,98
4294967279,97
4294967279,337
4294967279,94
4294967279,93
4294967279,92
4294967279,91
4294967279,90
4294967279,87
4294967279,86
4294967279,85
4294967279,84
4294967279,83
4294967279,82
4294967279,81
4294967279,80
4294967279,79
4294967279,76
4294967279,75
4294967279,74
4294967279,73
4294967279,336
4294967279,72
4294967279,68
4294967279,67
4294967279,66
4294967279,568
4294967279,62
4294967279,61
4294967279,60
4294967279,58
4294967279,57
4294967279,55
4294967279,335
4294967279,54
4294967279,334
4294967279,53
4294967279,567
4294967279,52
4294967279,49
4294967279,300
4294967279,48
4294967279,333
4294967279,47
4294967279,297
4294967279,42
4294967279,296
4294967279,41
4294967279,332
4294967279,40
4294967279,35
4294967279,331
4294967279,292
4294967279,330
4294967279,33
4294967279,32
4294967279,31
4294967279,30
4294967279,29
4294967279,28
4294967279,27
4294967279,26
4294967279,25
4294967279,24
4294967279,23
4294967279,21
4294967279,19
4294967279,18
4294967279,283
4294967279,11
4294967279,10
4294967279,9
4294967279,88
4294967279,2
4294967279,174
4294967294,471
4294967294,1679
4294967294,587
4294967294,412
4294967294,249
4294967294,409
4294967294,428
4294967294,186
4294967294,604
4294967294,251
4294967294,470
4294967294,2048
4294967294,2050
4294967294,285
4294967294,220
4294967294,1843
1,0
4294967278,381
4294967278,380
4294967278,379
4294967279,178
4294967278,375
4294967279,569
4294967278,374
4294967278,373
4294967278,370
4294967279,566
4294967279,565
4294967279,329
4294967279,138
4294967279,277
4294967279,288
4294967279,287
4294967278,394
4294967278,367
4294967279,289
4294967278,282
4294967279,286
4294967278,269
4294967279,321
4294967278,393
4294967279,328
4294967278,384
4294967279,327
4294967278,392
4294967279,320
4294967278,251
4294967279,575
4294967279,574
4294967279,237
4294967278,234
4294967279,229
4294967278,383
4294967279,557
4294967279,573
4294967279,572
4294967278,390
4294967278,357
4294967278,378
4294967278,377
4294967279,571
4294967278,376
4294967279,570
4294967294,1004
4294967294,1003
4294967294,1002
4294967294,1001
4294967294,1000
4294967294,999
4294967294,997
4294967294,995
4294967294,994
4294967294,993
4294967294,736
4294967294,990
4294967294,989
4294967294,987
4294967294,986
4294967294,985
4294967294,984
4294967294,983
4294967294,982
4294967294,979
4294967294,973
4294967294,971
4294967294,969
4294967294,966
4294967294,964
4294967294,963
4294967294,961
4294967294,955
4294967294,952
4294967294,951
4294967294,948
4294967294,947
4294967294,946
4294967294,941
4294967294,939
4294967294,934
4294967294,932
4294967294,930
4294967294,929
4294967294,928
4294967294,926
4294967294,924
4294967294,921
4294967294,919
4294967294,918
4294967294,917
4294967294,914
4294967294,910
4294967294,909
4294967294,908
4294967294,907
4294967294,905
4294967294,901
4294967294,900
4294967294,899
4294967294,896
4294967294,895
4294967294,894
4294967294,892
4294967294,890
4294967294,889
4294967294,888
4294967294,886
4294967294,885
4294967294,884
4294967294,883
4294967294,882
4294967294,881
4294967294,880
4294967294,879
4294967294,877
4294967294,876
4294967294,874
4294967294,872
4294967294,870
4294967294,867
4294967294,866
4294967294,864
4294967294,862
4294967294,861
4294967294,859
4294967294,858
4294967294,857
4294967294,855
4294967294,853
4294967294,852
4294967294,850
4294967294,849
4294967294,848
4294967294,726
4294967294,846
4294967294,845
4294967294,841
4294967294,840
4294967294,839
4294967294,723
4294967294,834
4294967294,833
4294967294,830
4294967294,829
4294967294,828
4294967294,826
4294967294,825
4294967294,824
4294967294,823
4294967294,822
4294967294,821
4294967294,820
4294967294,819
4294967294,816
4294967294,815
4294967294,814
4294967294,813
4294967294,812
4294967294,811
4294967294,810
4294967294,808
4294967294,806
4294967294,805
4294967294,804
4294967294,802
4294967294,801
4294967294,800
4294967294,799
4294967294,798
4294967294,797
4294967294,795
4294967294,793
4294967294,790
4294967294,788
4294967294,787
4294967294,786
4294967294,785
4294967294,784
4294967294,782
4294967294,780
4294967294,462
4294967294,778
4294967294,2049
4294967294,775
4294967294,703
4294967294,702
4294967294,701
4294967294,699
4294967294,697
4294967294,696
4294967294,714
4294967294,695
4294967294,1465
4294967294,692
4294967294,691
4294967294,689
4294967294,688
4294967294,687
4294967294,686
4294967294,685
4294967294,684
4294967294,682
4294967294,681
4294967294,678
4294967294,1471
4294967294,676
4294967294,674
4294967294,673
4294967294,671
4294967294,669
4294967294,708
4294967294,667
4294967294,666
4294967294,663
4294967294,661
4294967294,657
4294967294,654
4294967294,591
4294967294,651
4294967294,650
4294967294,647
4294967294,646
4294967294,645
4294967294,644
4294967294,642
4294967294,641
4294967294,640
4294967294,638
4294967294,636
4294967294,635
4294967294,1423
4294967294,430
4294967294,629
4294967294,706
4294967294,624
4294967294,623
4294967294,429
4294967294,622
4294967294,621
4294967294,631
4294967294,620
4294967294,619
4294967294,510
4294967294,618
4294967294,718
4294967294,617
4294967294,709
4294967294,704
4294967294,722
4294967294,615
4294967294,614
4294967294,613
4294967294,733
4294967294,612
4294967294,711
4294967294,611
4294967294,609
4294967294,608
4294967294,731
4294967294,607
4294967294,727
4294967294,720
4294967294,605
4294967294,719
4294967294,729
4294967294,915
4294967294,878
4294967294,725
4294967294,875
4294967294,716
4294967294,792
4294967294,712
4294967294,791
4294967294,721
4294967294,422
4294967294,509
4294967294,446
4294967294,386
4294967279,243
4294967279,233
4294967278,230
4294967279,231
4294967279,560
4294967278,362
4294967278,359
4294967279,554
4294967278,356
4294967278,353
4294967278,352
4294967279,293
4294967279,546
4294967279,562
4294967279,254
4294967279,247
4294967278,245
4294967279,245
4294967278,243
4294967279,235
4294967278,232
4294967279,561
4294967278,364
4294967278,363
4294967279,558
4294967279,556
4294967278,361
4294967279,555
4294967278,358
4294967279,553
4294967278,355
4294967279,552
4294967279,551
4294967278,354
4294967279,550
4294967279,549
4294967278,294
4294967279,548
4294967278,351
4294967279,294
4294967278,290
4294967279,547
4294967278,350
4294967294,1463
